2.800000000000000058e-02
2.800000000000000058e-02
2.900000000000000147e-02
2.800000000000000058e-02
2.900000000000000147e-02
2.800000000000000058e-02
2.800000000000000058e-02
2.800000000000000058e-02
2.900000000000000147e-02
2.900000000000000147e-02
2.800000000000000058e-02
2.800000000000000058e-02
2.699999999999999969e-02
3.300000000000000155e-02
3.899999999999999994e-02
4.800000000000000100e-02
5.999999999999999778e-02
7.299999999999999545e-02
8.500000000000000611e-02
1.000000000000000056e-01
1.130000000000000032e-01
1.310000000000000053e-01
1.489999999999999936e-01
1.690000000000000113e-01
1.930000000000000049e-01
2.159999999999999976e-01
2.429999999999999938e-01
2.750000000000000222e-01
3.089999999999999969e-01
3.469999999999999751e-01
3.870000000000000107e-01
4.329999999999999960e-01
4.819999999999999840e-01
5.370000000000000329e-01
5.939999999999999725e-01
6.590000000000000302e-01
7.229999999999999760e-01
7.970000000000000417e-01
8.739999999999999991e-01
9.579999999999999627e-01
1.044000000000000039e+00
1.141000000000000014e+00
1.245000000000000107e+00
1.346999999999999975e+00
1.447999999999999954e+00
1.558000000000000052e+00
1.669000000000000039e+00
1.796999999999999931e+00
1.921000000000000041e+00
2.040999999999999925e+00
2.161000000000000032e+00
2.295999999999999819e+00
2.435000000000000053e+00
2.568999999999999950e+00
2.713000000000000078e+00
2.862000000000000099e+00
3.013999999999999790e+00
3.169000000000000039e+00
3.307999999999999829e+00
3.450000000000000178e+00
3.589999999999999858e+00
3.745999999999999996e+00
3.849000000000000199e+00
4.017999999999999794e+00
