2.900000000000000147e-02
2.900000000000000147e-02
2.900000000000000147e-02
2.800000000000000058e-02
2.900000000000000147e-02
2.900000000000000147e-02
2.900000000000000147e-02
2.800000000000000058e-02
2.900000000000000147e-02
2.900000000000000147e-02
2.699999999999999969e-02
2.699999999999999969e-02
2.900000000000000147e-02
3.699999999999999817e-02
4.499999999999999833e-02
5.399999999999999939e-02
6.500000000000000222e-02
7.699999999999999900e-02
9.099999999999999756e-02
1.039999999999999952e-01
1.189999999999999947e-01
1.360000000000000098e-01
1.559999999999999998e-01
1.779999999999999916e-01
2.000000000000000111e-01
2.280000000000000082e-01
2.560000000000000053e-01
2.889999999999999791e-01
3.240000000000000102e-01
3.629999999999999893e-01
4.040000000000000258e-01
4.540000000000000147e-01
5.010000000000000009e-01
5.550000000000000488e-01
6.189999999999999947e-01
6.879999999999999449e-01
7.570000000000000062e-01
8.309999999999999609e-01
9.110000000000000320e-01
1.000000000000000000e+00
1.086999999999999966e+00
1.175000000000000044e+00
1.272000000000000020e+00
1.364000000000000101e+00
1.469000000000000083e+00
1.574999999999999956e+00
1.681999999999999940e+00
1.810999999999999943e+00
1.925999999999999934e+00
2.048999999999999932e+00
2.177000000000000046e+00
2.302000000000000046e+00
2.431000000000000050e+00
2.571000000000000174e+00
2.705000000000000071e+00
2.849000000000000199e+00
2.996999999999999886e+00
3.138999999999999790e+00
3.278999999999999915e+00
3.439999999999999947e+00
3.577999999999999847e+00
3.729999999999999982e+00
3.892999999999999794e+00
4.046999999999999709e+00
