2.900000000000000147e-02
2.800000000000000058e-02
2.900000000000000147e-02
2.900000000000000147e-02
2.900000000000000147e-02
2.800000000000000058e-02
2.800000000000000058e-02
2.900000000000000147e-02
2.900000000000000147e-02
2.800000000000000058e-02
2.800000000000000058e-02
2.699999999999999969e-02
2.999999999999999889e-02
3.799999999999999906e-02
4.499999999999999833e-02
5.500000000000000028e-02
6.700000000000000400e-02
8.000000000000000167e-02
9.299999999999999933e-02
1.059999999999999970e-01
1.219999999999999973e-01
1.400000000000000133e-01
1.580000000000000016e-01
1.789999999999999925e-01
2.039999999999999869e-01
2.320000000000000118e-01
2.600000000000000089e-01
2.949999999999999845e-01
3.330000000000000182e-01
3.729999999999999982e-01
4.149999999999999800e-01
4.620000000000000218e-01
5.080000000000000071e-01
5.659999999999999476e-01
6.199999999999999956e-01
6.850000000000000533e-01
7.520000000000000018e-01
8.289999999999999591e-01
9.110000000000000320e-01
9.949999999999999956e-01
1.080999999999999961e+00
1.179000000000000048e+00
1.272999999999999909e+00
1.377999999999999892e+00
1.485999999999999988e+00
1.588000000000000078e+00
1.699000000000000066e+00
1.824999999999999956e+00
1.941000000000000059e+00
2.068999999999999950e+00
2.193999999999999950e+00
2.326999999999999957e+00
2.451000000000000068e+00
2.587000000000000188e+00
2.716000000000000192e+00
2.862999999999999989e+00
3.005999999999999783e+00
3.153999999999999915e+00
3.301000000000000156e+00
3.462000000000000188e+00
3.608999999999999986e+00
3.750999999999999890e+00
3.900999999999999801e+00
4.051999999999999602e+00
