2.900000000000000147e-02
2.900000000000000147e-02
2.900000000000000147e-02
2.900000000000000147e-02
2.900000000000000147e-02
2.900000000000000147e-02
2.800000000000000058e-02
2.900000000000000147e-02
2.800000000000000058e-02
2.800000000000000058e-02
2.699999999999999969e-02
2.699999999999999969e-02
3.200000000000000067e-02
3.799999999999999906e-02
4.599999999999999922e-02
5.299999999999999850e-02
6.500000000000000222e-02
7.799999999999999989e-02
8.999999999999999667e-02
1.049999999999999961e-01
1.179999999999999938e-01
1.350000000000000089e-01
1.539999999999999980e-01
1.769999999999999907e-01
1.990000000000000102e-01
2.270000000000000073e-01
2.560000000000000053e-01
2.889999999999999791e-01
3.230000000000000093e-01
3.599999999999999867e-01
4.020000000000000240e-01
4.480000000000000093e-01
4.969999999999999973e-01
5.530000000000000471e-01
6.109999999999999876e-01
6.800000000000000488e-01
7.500000000000000000e-01
8.259999999999999565e-01
9.030000000000000249e-01
9.899999999999999911e-01
1.080000000000000071e+00
1.175999999999999934e+00
1.274999999999999911e+00
1.370999999999999996e+00
1.481999999999999984e+00
1.586999999999999966e+00
1.701999999999999957e+00
1.828999999999999959e+00
1.949000000000000066e+00
2.068000000000000060e+00
2.193000000000000060e+00
2.323999999999999844e+00
2.451999999999999957e+00
2.591000000000000192e+00
2.721999999999999975e+00
2.874000000000000110e+00
3.016999999999999904e+00
3.161999999999999922e+00
3.294000000000000039e+00
3.438000000000000167e+00
3.565999999999999837e+00
3.705000000000000071e+00
3.847999999999999865e+00
3.990000000000000213e+00
