2.900000000000000147e-02
2.900000000000000147e-02
2.900000000000000147e-02
2.900000000000000147e-02
2.900000000000000147e-02
2.900000000000000147e-02
2.800000000000000058e-02
2.800000000000000058e-02
2.800000000000000058e-02
2.699999999999999969e-02
2.699999999999999969e-02
3.200000000000000067e-02
3.899999999999999994e-02
4.700000000000000011e-02
5.299999999999999850e-02
6.099999999999999867e-02
7.299999999999999545e-02
8.500000000000000611e-02
9.900000000000000466e-02
1.130000000000000032e-01
1.300000000000000044e-01
1.489999999999999936e-01
1.710000000000000131e-01
1.960000000000000075e-01
2.240000000000000047e-01
2.570000000000000062e-01
2.919999999999999818e-01
3.280000000000000138e-01
3.699999999999999956e-01
4.149999999999999800e-01
4.630000000000000226e-01
5.170000000000000151e-01
5.719999999999999529e-01
6.330000000000000071e-01
6.979999999999999538e-01
7.720000000000000195e-01
8.479999999999999760e-01
9.280000000000000471e-01
1.008999999999999897e+00
1.096999999999999975e+00
1.189000000000000057e+00
1.288999999999999924e+00
1.385000000000000009e+00
1.479999999999999982e+00
1.586000000000000076e+00
1.697999999999999954e+00
1.804999999999999938e+00
1.925999999999999934e+00
2.032000000000000028e+00
2.153999999999999915e+00
2.278999999999999915e+00
2.410000000000000142e+00
2.548999999999999932e+00
2.690999999999999837e+00
2.826000000000000068e+00
2.967999999999999972e+00
3.107000000000000206e+00
3.253000000000000114e+00
3.395999999999999908e+00
3.536999999999999922e+00
3.681999999999999940e+00
3.833000000000000185e+00
3.975000000000000089e+00
4.118999999999999773e+00
4.259999999999999787e+00
4.405000000000000249e+00
4.540000000000000036e+00
4.695999999999999730e+00
4.831000000000000405e+00
4.974999999999999645e+00
5.099999999999999645e+00
5.227000000000000313e+00
5.357000000000000206e+00
5.475999999999999979e+00
5.586999999999999744e+00
5.701999999999999957e+00
5.801000000000000156e+00
5.916999999999999815e+00
6.022000000000000242e+00
6.125000000000000000e+00
6.213000000000000078e+00
6.301999999999999602e+00
6.373999999999999666e+00
6.471000000000000085e+00
6.544999999999999929e+00
6.618000000000000327e+00
6.682999999999999829e+00
6.758000000000000007e+00
6.838000000000000078e+00
6.903999999999999915e+00
6.956999999999999851e+00
6.996999999999999886e+00
7.033999999999999808e+00
