2.800000000000000058e-02
2.900000000000000147e-02
2.900000000000000147e-02
2.800000000000000058e-02
2.900000000000000147e-02
2.900000000000000147e-02
2.800000000000000058e-02
2.800000000000000058e-02
2.699999999999999969e-02
2.599999999999999881e-02
2.800000000000000058e-02
3.699999999999999817e-02
4.399999999999999745e-02
5.099999999999999672e-02
5.700000000000000205e-02
7.099999999999999367e-02
8.200000000000000344e-02
9.400000000000000022e-02
1.089999999999999997e-01
1.229999999999999982e-01
1.419999999999999873e-01
1.630000000000000060e-01
1.839999999999999969e-01
2.099999999999999922e-01
2.389999999999999902e-01
2.740000000000000213e-01
3.079999999999999960e-01
3.469999999999999751e-01
3.910000000000000142e-01
4.380000000000000004e-01
4.879999999999999893e-01
5.430000000000000382e-01
5.999999999999999778e-01
6.660000000000000364e-01
7.349999999999999867e-01
8.060000000000000497e-01
8.790000000000000036e-01
9.599999999999999645e-01
1.042000000000000037e+00
1.133999999999999897e+00
1.225000000000000089e+00
1.324999999999999956e+00
1.423000000000000043e+00
1.526000000000000023e+00
1.620999999999999996e+00
1.731000000000000094e+00
1.838000000000000078e+00
1.957000000000000073e+00
2.071000000000000174e+00
2.194999999999999840e+00
2.311999999999999833e+00
2.440999999999999837e+00
2.565999999999999837e+00
2.693000000000000060e+00
2.817000000000000171e+00
2.951000000000000068e+00
3.084999999999999964e+00
3.220000000000000195e+00
3.354999999999999982e+00
3.505999999999999783e+00
3.642999999999999794e+00
3.793000000000000149e+00
3.934000000000000163e+00
4.086999999999999744e+00
4.238000000000000433e+00
4.383000000000000007e+00
4.514000000000000234e+00
4.661999999999999922e+00
4.796999999999999709e+00
4.931000000000000050e+00
5.062000000000000277e+00
5.182999999999999829e+00
5.298000000000000043e+00
5.427999999999999936e+00
5.544999999999999929e+00
5.657000000000000028e+00
5.767999999999999794e+00
5.886000000000000121e+00
5.983999999999999986e+00
6.091000000000000192e+00
6.179000000000000270e+00
6.275999999999999801e+00
6.365000000000000213e+00
6.447000000000000064e+00
6.514000000000000234e+00
6.591000000000000192e+00
6.610000000000000320e+00
6.725999999999999979e+00
6.766000000000000014e+00
6.809000000000000163e+00
6.857000000000000206e+00
6.903999999999999915e+00
6.950000000000000178e+00
