2.800000000000000058e-02
2.900000000000000147e-02
2.900000000000000147e-02
2.900000000000000147e-02
2.800000000000000058e-02
2.900000000000000147e-02
2.800000000000000058e-02
2.800000000000000058e-02
2.699999999999999969e-02
2.599999999999999881e-02
3.099999999999999978e-02
3.799999999999999906e-02
4.299999999999999656e-02
5.199999999999999761e-02
5.899999999999999689e-02
7.000000000000000666e-02
8.100000000000000255e-02
9.299999999999999933e-02
1.069999999999999979e-01
1.219999999999999973e-01
1.390000000000000124e-01
1.600000000000000033e-01
1.829999999999999960e-01
2.089999999999999913e-01
2.379999999999999893e-01
2.700000000000000178e-01
3.049999999999999933e-01
3.439999999999999725e-01
3.860000000000000098e-01
4.329999999999999960e-01
4.849999999999999867e-01
5.390000000000000346e-01
5.959999999999999742e-01
6.620000000000000329e-01
7.259999999999999787e-01
7.990000000000000435e-01
8.770000000000000018e-01
9.539999999999999591e-01
1.036999999999999922e+00
1.131000000000000005e+00
1.219999999999999973e+00
1.316999999999999948e+00
1.411000000000000032e+00
1.512999999999999901e+00
1.620000000000000107e+00
1.731999999999999984e+00
1.846999999999999975e+00
1.969000000000000083e+00
2.083000000000000185e+00
2.206999999999999851e+00
2.326000000000000068e+00
2.447999999999999954e+00
2.577999999999999847e+00
2.718999999999999861e+00
2.854999999999999982e+00
2.994000000000000217e+00
3.129000000000000004e+00
3.273000000000000131e+00
3.404999999999999805e+00
3.541999999999999815e+00
3.677999999999999936e+00
3.817000000000000171e+00
3.959999999999999964e+00
4.099000000000000199e+00
4.235999999999999766e+00
4.386000000000000121e+00
4.527000000000000135e+00
4.674000000000000377e+00
4.812999999999999723e+00
4.951999999999999957e+00
5.078999999999999737e+00
5.203999999999999737e+00
5.325000000000000178e+00
5.450000000000000178e+00
5.564000000000000057e+00
5.676000000000000156e+00
5.780000000000000249e+00
5.879999999999999893e+00
5.988999999999999879e+00
6.089999999999999858e+00
6.184000000000000163e+00
6.294999999999999929e+00
6.383000000000000007e+00
6.479000000000000092e+00
6.562000000000000277e+00
6.636999999999999567e+00
6.700999999999999623e+00
6.772000000000000242e+00
6.775999999999999801e+00
6.868000000000000327e+00
6.905000000000000249e+00
6.940000000000000391e+00
6.979000000000000092e+00
