2.800000000000000058e-02
2.800000000000000058e-02
2.900000000000000147e-02
2.900000000000000147e-02
2.900000000000000147e-02
2.900000000000000147e-02
2.900000000000000147e-02
2.800000000000000058e-02
2.800000000000000058e-02
2.900000000000000147e-02
2.699999999999999969e-02
2.699999999999999969e-02
2.800000000000000058e-02
3.400000000000000244e-02
4.100000000000000172e-02
5.000000000000000278e-02
6.300000000000000044e-02
7.599999999999999811e-02
8.799999999999999489e-02
1.019999999999999934e-01
1.160000000000000059e-01
1.340000000000000080e-01
1.519999999999999962e-01
1.719999999999999862e-01
1.960000000000000075e-01
2.240000000000000047e-01
2.520000000000000018e-01
2.839999999999999747e-01
3.190000000000000058e-01
3.569999999999999840e-01
3.980000000000000204e-01
4.430000000000000049e-01
4.919999999999999929e-01
5.520000000000000462e-01
6.099999999999999867e-01
6.790000000000000480e-01
7.429999999999999938e-01
8.169999999999999485e-01
8.930000000000000160e-01
9.739999999999999769e-01
1.070000000000000062e+00
1.157999999999999918e+00
1.252999999999999892e+00
1.352999999999999980e+00
1.457000000000000073e+00
1.566999999999999948e+00
1.675999999999999934e+00
1.798999999999999932e+00
1.915000000000000036e+00
2.033999999999999808e+00
2.165999999999999925e+00
2.294999999999999929e+00
2.430000000000000160e+00
2.559000000000000163e+00
2.685999999999999943e+00
2.826999999999999957e+00
2.960999999999999854e+00
3.116000000000000103e+00
3.279999999999999805e+00
3.444999999999999840e+00
3.591000000000000192e+00
3.728000000000000203e+00
3.878000000000000114e+00
4.035000000000000142e+00
