2.800000000000000058e-02
2.900000000000000147e-02
2.900000000000000147e-02
2.900000000000000147e-02
2.800000000000000058e-02
2.800000000000000058e-02
2.800000000000000058e-02
2.800000000000000058e-02
2.699999999999999969e-02
2.599999999999999881e-02
2.800000000000000058e-02
3.599999999999999728e-02
4.399999999999999745e-02
5.199999999999999761e-02
5.800000000000000294e-02
7.000000000000000666e-02
8.200000000000000344e-02
9.299999999999999933e-02
1.079999999999999988e-01
1.239999999999999991e-01
1.409999999999999865e-01
1.610000000000000042e-01
1.829999999999999960e-01
2.089999999999999913e-01
2.389999999999999902e-01
2.700000000000000178e-01
3.049999999999999933e-01
3.439999999999999725e-01
3.850000000000000089e-01
4.329999999999999960e-01
4.819999999999999840e-01
5.370000000000000329e-01
5.949999999999999734e-01
6.610000000000000320e-01
7.269999999999999796e-01
7.990000000000000435e-01
8.750000000000000000e-01
9.579999999999999627e-01
1.042999999999999927e+00
1.133999999999999897e+00
1.225000000000000089e+00
1.324999999999999956e+00
1.421999999999999931e+00
1.524999999999999911e+00
1.627999999999999892e+00
1.741999999999999993e+00
1.850000000000000089e+00
1.965999999999999970e+00
2.081999999999999851e+00
2.201000000000000068e+00
2.322000000000000064e+00
2.451999999999999957e+00
2.580000000000000071e+00
2.714999999999999858e+00
2.839999999999999858e+00
2.980999999999999872e+00
3.116999999999999993e+00
3.242999999999999883e+00
3.379999999999999893e+00
3.512000000000000011e+00
3.644000000000000128e+00
3.782999999999999918e+00
3.922000000000000153e+00
4.067000000000000171e+00
4.214999999999999858e+00
4.357999999999999652e+00
4.493999999999999773e+00
4.636000000000000121e+00
4.786999999999999922e+00
4.921000000000000263e+00
5.038000000000000256e+00
5.160000000000000142e+00
5.277999999999999581e+00
5.405999999999999694e+00
5.520999999999999908e+00
5.639999999999999680e+00
5.743999999999999773e+00
5.850999999999999979e+00
5.955000000000000071e+00
6.062999999999999723e+00
6.152999999999999581e+00
6.243000000000000327e+00
6.317000000000000171e+00
6.400999999999999801e+00
6.485999999999999766e+00
6.562999999999999723e+00
6.633000000000000007e+00
6.700000000000000178e+00
6.761000000000000121e+00
6.823999999999999844e+00
6.881000000000000227e+00
6.878999999999999559e+00
6.958000000000000185e+00
