2.800000000000000058e-02
2.900000000000000147e-02
2.800000000000000058e-02
2.800000000000000058e-02
2.800000000000000058e-02
2.900000000000000147e-02
2.800000000000000058e-02
2.800000000000000058e-02
2.800000000000000058e-02
2.699999999999999969e-02
2.699999999999999969e-02
3.300000000000000155e-02
4.200000000000000261e-02
4.900000000000000189e-02
5.500000000000000028e-02
6.800000000000000488e-02
7.900000000000000078e-02
9.099999999999999756e-02
1.039999999999999952e-01
1.199999999999999956e-01
1.370000000000000107e-01
1.549999999999999989e-01
1.779999999999999916e-01
2.030000000000000138e-01
2.320000000000000118e-01
2.630000000000000115e-01
2.959999999999999853e-01
3.360000000000000209e-01
3.750000000000000000e-01
4.199999999999999845e-01
4.670000000000000262e-01
5.230000000000000204e-01
5.809999999999999609e-01
6.450000000000000178e-01
7.089999999999999636e-01
7.850000000000000311e-01
8.589999999999999858e-01
9.389999999999999458e-01
1.024000000000000021e+00
1.112000000000000099e+00
1.199999999999999956e+00
1.294000000000000039e+00
1.387000000000000011e+00
1.487999999999999989e+00
1.590999999999999970e+00
1.699999999999999956e+00
1.802000000000000046e+00
1.923000000000000043e+00
2.033999999999999808e+00
2.154999999999999805e+00
2.273000000000000131e+00
2.396999999999999797e+00
2.517999999999999794e+00
2.648000000000000131e+00
2.786999999999999922e+00
2.930000000000000160e+00
3.068999999999999950e+00
3.209000000000000075e+00
3.354000000000000092e+00
3.492999999999999883e+00
3.637000000000000011e+00
3.783999999999999808e+00
3.926000000000000156e+00
4.065000000000000391e+00
4.206999999999999851e+00
4.344000000000000306e+00
4.491999999999999993e+00
4.639000000000000234e+00
4.761999999999999567e+00
4.900999999999999801e+00
5.030999999999999694e+00
5.158999999999999808e+00
5.280000000000000249e+00
5.405999999999999694e+00
5.522000000000000242e+00
5.647999999999999687e+00
5.756999999999999673e+00
5.871999999999999886e+00
5.982999999999999652e+00
6.089999999999999858e+00
6.184999999999999609e+00
6.278999999999999915e+00
6.365999999999999659e+00
6.455000000000000071e+00
6.535000000000000142e+00
6.618000000000000327e+00
6.684000000000000163e+00
6.748999999999999666e+00
6.794999999999999929e+00
6.826999999999999957e+00
6.873000000000000220e+00
6.919999999999999929e+00
6.969000000000000306e+00
